version https://git-lfs.github.com/spec/v1
oid sha256:401ed9b953dad5fbf5a636b8ce9b64c019563203aa964c6ee6fb8f1e21df517b
size 85461632
